0.000174 -0.000262 0.000174 1.000000 -74.456245 69.976059 -49.972599
-0.000262 -0.000262 -0.000087 1.000000 -81.398216 78.581924 -50.055538
-0.000436 0.000175 0.000349 1.000000 -88.066444 87.434860 -50.169060
-0.000436 0.000262 0.000349 1.000000 -93.398193 97.028648 -50.206600
-0.000000 -0.000436 0.000349 1.000000 -93.536461 108.102097 -49.998394
0.000000 -0.000087 -0.000087 1.000000 -87.648811 116.952126 -50.073704
-0.000262 0.000349 -0.000349 1.000000 -77.684059 115.402481 -50.206680
-0.000436 0.000087 0.000262 1.000000 -69.299835 108.056770 -50.192417
-0.000349 0.000087 -0.000000 1.000000 -60.784878 100.989067 -50.169136
-0.000087 0.000175 -0.000262 1.000000 -50.163494 99.782013 -50.124939
0.000000 -0.000175 -0.000262 1.000000 -42.702080 107.733429 -50.075104
-0.000087 -0.000087 -0.000087 1.000000 -34.171173 114.374359 -50.102009
-0.000349 -0.000000 -0.000262 1.000000 -24.426788 110.101341 -50.162888
-0.000262 0.000000 0.000175 1.000000 -17.046638 101.738403 -50.151287
-0.000262 -0.000262 0.000349 1.000000 -9.814375 93.282661 -50.151726
-0.000087 0.000087 -0.000175 1.000000 -3.490950 84.330116 -50.129337
0.000349 0.000175 0.000087 1.000000 -6.255183 74.032860 -50.070526
0.000087 0.000087 0.000349 1.000000 -13.926324 66.031372 -50.114918
-0.000087 0.000349 -0.000436 1.000000 -20.342512 57.003651 -50.145176
-0.000349 0.000175 0.000349 1.000000 -19.826990 46.059074 -50.161110
